$ ./numplace q1.txt
Queqtion:
+---+---+---+
|   | 5 | 6 |
|  1|   | 2 |
|236|  1| 9 |
+---+---+---+
|  2|14 |8  |
|   |   |9 2|
|  3|98 |6  |
+---+---+---+
|127|  8| 3 |
|  4|   | 8 |
|   | 1 | 4 |
+---+---+---+

Answer:
+---+---+---+
|978|254|361|
|541|369|728|
|236|871|495|
+---+---+---+
|692|145|873|
|485|736|912|
|713|982|654|
+---+---+---+
|127|498|536|
|364|527|189|
|859|613|247|
+---+---+---+
$ ./numplace q2.txt
Queqtion:
+---+---+---+
|  5|   |   |
| 7 | 6 |8 1|
|81 |27 |  9|
+---+---+---+
|  7|   | 8 |
| 89|   |51 |
| 3 |   |7  |
+---+---+---+
|6  | 84| 25|
|7 8| 9 | 6 |
|   |   |9  |
+---+---+---+

Answer:
+---+---+---+
|965|418|237|
|273|965|841|
|814|273|659|
+---+---+---+
|127|539|486|
|489|627|513|
|536|841|792|
+---+---+---+
|691|784|325|
|758|392|164|
|342|156|978|
+---+---+---+
$ 

